[gd_scene load_steps=29 format=3]

[ext_resource type="Script" path="res://source/map.gd" id="1_iiyry"]
[ext_resource type="PackedScene" path="res://content/map/trees_alt/tree_round_top_02.tscn" id="2_n7egf"]
[ext_resource type="PackedScene" path="res://content/map/trees_alt/tree_round_top_04.tscn" id="3_eo6kf"]
[ext_resource type="PackedScene" path="res://content/map/trees_alt/tree_tall_04.tscn" id="4_tfile"]
[ext_resource type="PackedScene" path="res://content/map/trees_alt/tree_blob_01.tscn" id="5_amhpi"]
[ext_resource type="PackedScene" path="res://content/map/trees_alt/tree_tall_03.tscn" id="6_qlsvd"]
[ext_resource type="PackedScene" path="res://content/map/trees_alt/tree_04.tscn" id="7_472av"]
[ext_resource type="PackedScene" path="res://content/map/trees_alt/tree_tall_02.tscn" id="8_2te2t"]
[ext_resource type="PackedScene" path="res://content/map/trees_alt/tree_blob_04.tscn" id="9_bd1ew"]
[ext_resource type="PackedScene" path="res://content/map/trees_alt/tree_05.tscn" id="10_d60ta"]
[ext_resource type="PackedScene" path="res://content/map/trees_alt/tree_02.tscn" id="11_wdmkk"]
[ext_resource type="PackedScene" path="res://content/map/trees_alt/tree_blob_02.tscn" id="12_1s24t"]
[ext_resource type="PackedScene" path="res://content/map/trees_alt/tree_tall_01.tscn" id="13_6afr0"]
[ext_resource type="PackedScene" path="res://content/map/trees_alt/tree_01.tscn" id="14_gma2y"]
[ext_resource type="PackedScene" path="res://content/map/trees_alt/tree_blob_03.tscn" id="15_h1vcf"]
[ext_resource type="PackedScene" path="res://content/map/trees_alt/tree_03.tscn" id="16_gxilp"]
[ext_resource type="PackedScene" path="res://content/map/trees_alt/tree_round_top_01.tscn" id="17_be86a"]
[ext_resource type="PackedScene" path="res://content/map/trees_alt/tree_round_top_03.tscn" id="18_wvgka"]
[ext_resource type="PackedScene" path="res://content/cube.tscn" id="19_nxwtw"]
[ext_resource type="PackedScene" path="res://content/map/portal.tscn" id="20_qlfpy"]
[ext_resource type="Script" path="res://content/map/portal.gd" id="21_7p6xq"]
[ext_resource type="Material" path="res://content/RoystanToonWaterShader.tres" id="22_g4w2y"]
[ext_resource type="PackedScene" path="res://content/key.tscn" id="23_musmi"]
[ext_resource type="Script" path="res://source/key.gd" id="24_a6g78"]

[sub_resource type="NavigationMesh" id="NavigationMesh_48spl"]
geometry_parsed_geometry_type = 1
cell_size = 1.0
cell_height = 0.01
agent_radius = 1.0
agent_max_climb = 1.0

[sub_resource type="CylinderMesh" id="CylinderMesh_ue5mt"]
material = ExtResource("22_g4w2y")
top_radius = 400.0
bottom_radius = 400.0
height = 0.001
radial_segments = 30

[sub_resource type="StandardMaterial3D" id="StandardMaterial3D_kn6jk"]
albedo_color = Color(0, 0, 0, 1)

[sub_resource type="CylinderMesh" id="CylinderMesh_k0rop"]
material = SubResource("StandardMaterial3D_kn6jk")
top_radius = 400.0
height = 0.1

[node name="Map" type="Node3D"]
script = ExtResource("1_iiyry")

[node name="NavRegion" type="NavigationRegion3D" parent="."]
navigation_mesh = SubResource("NavigationMesh_48spl")

[node name="Trees" type="Node3D" parent="NavRegion"]

[node name="TreeRoundTop02" type="Node3D" parent="NavRegion/Trees" instance=ExtResource("2_n7egf")]
transform = Transform3D(-0.198709, 0, 0.980059, 0, 1, 0, -0.980059, 0, -0.198709, -49, -0.41747, -1)

[node name="TreeRoundTop04" type="Node3D" parent="NavRegion/Trees" instance=ExtResource("3_eo6kf")]
transform = Transform3D(-0.274826, 0, 0.961494, 0, 1, 0, -0.961494, 0, -0.274826, -49, -0.293123, 6)

[node name="TreeTall04" type="Node3D" parent="NavRegion/Trees" instance=ExtResource("4_tfile")]
transform = Transform3D(0.994862, 0, -0.10124, 0, 1, 0, 0.10124, 0, 0.994862, -47, -0.281715, 13)

[node name="TreeBlob01" type="Node3D" parent="NavRegion/Trees" instance=ExtResource("5_amhpi")]
transform = Transform3D(-0.97161, 0, 0.236589, 0, 1, 0, -0.236589, 0, -0.97161, -44, -1.17022, -22)

[node name="TreeTall03" type="Node3D" parent="NavRegion/Trees" instance=ExtResource("6_qlsvd")]
transform = Transform3D(-0.868818, 0, 0.495131, 0, 1, 0, -0.495131, 0, -0.868818, -42, -0.427766, 3)

[node name="Tree04" type="Node3D" parent="NavRegion/Trees" instance=ExtResource("7_472av")]
transform = Transform3D(-0.143703, 0, 0.989621, 0, 1, 0, -0.989621, 0, -0.143703, -40, -1.34996, -29)

[node name="TreeTall02" type="Node3D" parent="NavRegion/Trees" instance=ExtResource("8_2te2t")]
transform = Transform3D(-0.0373428, 0, -0.999303, 0, 1, 0, 0.999303, 0, -0.0373428, -40, -0.348499, 10)

[node name="TreeBlob04" type="Node3D" parent="NavRegion/Trees" instance=ExtResource("9_bd1ew")]
transform = Transform3D(-0.979591, 0, 0.201004, 0, 1, 0, -0.201004, 0, -0.979591, -38, -1.15539, -18)

[node name="Tree06" type="Node3D" parent="NavRegion/Trees" instance=ExtResource("10_d60ta")]
transform = Transform3D(0.935191, 0, -0.354145, 0, 1, 0, 0.354145, 0, 0.935191, -35, -1.40448, -34)

[node name="@TreeTall02@1235" type="Node3D" parent="NavRegion/Trees" instance=ExtResource("8_2te2t")]
transform = Transform3D(-0.851799, 0, 0.52387, 0, 1, 0, -0.52387, 0, -0.851799, -34, -1.35965, -25)

[node name="Tree02" type="Node3D" parent="NavRegion/Trees" instance=ExtResource("11_wdmkk")]
transform = Transform3D(-0.35598, 0, -0.934494, 0, 1, 0, 0.934494, 0, -0.35598, -31, -1.23745, -18)

[node name="TreeBlob02" type="Node3D" parent="NavRegion/Trees" instance=ExtResource("12_1s24t")]
transform = Transform3D(-0.0239742, 0, 0.999713, 0, 1, 0, -0.999713, 0, -0.0239742, -30, -1.38754, -39)

[node name="@TreeBlob02@1683" type="Node3D" parent="NavRegion/Trees" instance=ExtResource("12_1s24t")]
transform = Transform3D(0.745277, 0, 0.666755, 0, 1, 0, -0.666755, 0, 0.745277, -29, -1.43025, -30)

[node name="@TreeTall04@1976" type="Node3D" parent="NavRegion/Trees" instance=ExtResource("4_tfile")]
transform = Transform3D(-0.699248, 0, 0.714879, 0, 1, 0, -0.714879, 0, -0.699248, -26, -1.36969, -23)

[node name="@TreeRoundTop04@1987" type="Node3D" parent="NavRegion/Trees" instance=ExtResource("3_eo6kf")]
transform = Transform3D(-0.576426, 0, 0.81715, 0, 1, 0, -0.81715, 0, -0.576426, -26, -1.13115, -13)

[node name="@TreeBlob02@2153" type="Node3D" parent="NavRegion/Trees" instance=ExtResource("12_1s24t")]
transform = Transform3D(-0.888818, 0, 0.45826, 0, 1, 0, -0.45826, 0, -0.888818, -24, -1.35562, -43)

[node name="@TreeBlob04@2162" type="Node3D" parent="NavRegion/Trees" instance=ExtResource("9_bd1ew")]
transform = Transform3D(-0.93815, 0, -0.34623, 0, 1, 0, 0.34623, 0, -0.93815, -24, -1.42945, -35)

[node name="TreeTall01" type="Node3D" parent="NavRegion/Trees" instance=ExtResource("13_6afr0")]
transform = Transform3D(-0.999382, 0, -0.0351403, 0, 1, 0, 0.0351403, 0, -0.999382, -21, -1.42249, -28)

[node name="@Tree02@2480" type="Node3D" parent="NavRegion/Trees" instance=ExtResource("11_wdmkk")]
transform = Transform3D(-0.542181, 0, 0.840262, 0, 1, 0, -0.840262, 0, -0.542181, -21, -1.27849, -18)

[node name="@TreeTall04@2693" type="Node3D" parent="NavRegion/Trees" instance=ExtResource("4_tfile")]
transform = Transform3D(0.358995, 0, -0.933339, 0, 1, 0, 0.933339, 0, 0.358995, -19, -1.09479, -11)

[node name="@TreeTall04@2769" type="Node3D" parent="NavRegion/Trees" instance=ExtResource("4_tfile")]
transform = Transform3D(0.514204, 0, -0.857668, 0, 1, 0, 0.857668, 0, 0.514204, -18, -1.39635, -39)

[node name="@TreeBlob01@2867" type="Node3D" parent="NavRegion/Trees" instance=ExtResource("5_amhpi")]
transform = Transform3D(-0.873138, 0, -0.487473, 0, 1, 0, 0.487473, 0, -0.873138, -17, -1.32286, -46)

[node name="@TreeBlob02@2996" type="Node3D" parent="NavRegion/Trees" instance=ExtResource("12_1s24t")]
transform = Transform3D(-0.967973, 0, -0.251053, 0, 1, 0, 0.251053, 0, -0.967973, -16, -1.35816, -23)

[node name="@TreeBlob02@3093" type="Node3D" parent="NavRegion/Trees" instance=ExtResource("12_1s24t")]
transform = Transform3D(-0.930025, 0, -0.367497, 0, 1, 0, 0.367497, 0, -0.930025, -15, -1.41445, -32)

[node name="@TreeBlob01@3216" type="Node3D" parent="NavRegion/Trees" instance=ExtResource("5_amhpi")]
transform = Transform3D(0.998515, 0, -0.0544695, 0, 1, 0, 0.0544695, 0, 0.998515, -14, -1.22137, -16)

[node name="Tree01" type="Node3D" parent="NavRegion/Trees" instance=ExtResource("14_gma2y")]
transform = Transform3D(0.371454, 0, 0.928451, 0, 1, 0, -0.928451, 0, 0.371454, -13, -0.326896, 19)

[node name="TreeBlob03" type="Node3D" parent="NavRegion/Trees" instance=ExtResource("15_h1vcf")]
transform = Transform3D(0.591915, 0, 0.806, 0, 1, 0, -0.806, 0, 0.591915, -11, -1.33996, -42)

[node name="@Tree04@3635" type="Node3D" parent="NavRegion/Trees" instance=ExtResource("7_472av")]
transform = Transform3D(-0.188653, 0, -0.982044, 0, 1, 0, 0.982044, 0, -0.188653, -10, -1.36967, -27)

[node name="@Tree02@3653" type="Node3D" parent="NavRegion/Trees" instance=ExtResource("11_wdmkk")]
transform = Transform3D(-0.406153, 0, 0.913805, 0, 1, 0, -0.913805, 0, -0.406153, -10, -1.05486, -10)

[node name="@TreeTall01@3690" type="Node3D" parent="NavRegion/Trees" instance=ExtResource("13_6afr0")]
transform = Transform3D(0.792668, 0, -0.609653, 0, 1, 0, 0.609653, 0, 0.792668, -10, -0.266533, 26)

[node name="@TreeRoundTop04@3848" type="Node3D" parent="NavRegion/Trees" instance=ExtResource("3_eo6kf")]
transform = Transform3D(-0.91921, 0, -0.393767, 0, 1, 0, 0.393767, 0, -0.91921, -8, -1.36451, -35)

[node name="@TreeRoundTop02@3864" type="Node3D" parent="NavRegion/Trees" instance=ExtResource("2_n7egf")]
transform = Transform3D(-0.999833, 0, 0.0182794, 0, 1, 0, -0.0182794, 0, -0.999833, -8, -1.27635, -20)

[node name="@TreeTall04@3946" type="Node3D" parent="NavRegion/Trees" instance=ExtResource("4_tfile")]
transform = Transform3D(-0.373865, 0, -0.927483, 0, 1, 0, 0.927483, 0, -0.373865, -7, -1.24685, -48)

[node name="Tree03" type="Node3D" parent="NavRegion/Trees" instance=ExtResource("16_gxilp")]
transform = Transform3D(-0.126359, 0, -0.991985, 0, 1, 0, 0.991985, 0, -0.126359, -7, -0.360994, 14)

[node name="@TreeTall02@4136" type="Node3D" parent="NavRegion/Trees" instance=ExtResource("8_2te2t")]
transform = Transform3D(0.993765, 0, -0.111491, 0, 1, 0, 0.111491, 0, 0.993765, -6, -0.234634, 32)

[node name="@Tree03@4235" type="Node3D" parent="NavRegion/Trees" instance=ExtResource("16_gxilp")]
transform = Transform3D(0.855258, 0, -0.518203, 0, 1, 0, 0.518203, 0, 0.855258, -5, -0.24244, 21)

[node name="TreeRoundTop01" type="Node3D" parent="NavRegion/Trees" instance=ExtResource("17_be86a")]
transform = Transform3D(0.916446, 0, -0.400157, 0, 1, 0, 0.400157, 0, 0.916446, -4, -1.28229, -41)

[node name="@TreeTall02@4310" type="Node3D" parent="NavRegion/Trees" instance=ExtResource("8_2te2t")]
transform = Transform3D(-0.136734, 0, 0.990608, 0, 1, 0, -0.990608, 0, -0.136734, -4, -1.13741, -14)

[node name="@TreeTall01@4404" type="Node3D" parent="NavRegion/Trees" instance=ExtResource("13_6afr0")]
transform = Transform3D(-0.537677, 0, -0.843151, 0, 1, 0, 0.843151, 0, -0.537677, -3, -1.32645, -30)

[node name="@TreeBlob03@4582" type="Node3D" parent="NavRegion/Trees" instance=ExtResource("15_h1vcf")]
transform = Transform3D(-0.750567, 0, -0.660795, 0, 1, 0, 0.660795, 0, -0.750567, -2, -0.220052, 38)

[node name="@Tree06@4631" type="Node3D" parent="NavRegion/Trees" instance=ExtResource("10_d60ta")]
transform = Transform3D(0.512724, 0, -0.858553, 0, 1, 0, 0.858553, 0, 0.512724, -1, -1.27224, -23)

[node name="@Tree06@4682" type="Node3D" parent="NavRegion/Trees" instance=ExtResource("10_d60ta")]
transform = Transform3D(-0.664125, 0, -0.747622, 0, 1, 0, 0.747622, 0, -0.664125, -1, -0.167243, 27)

[node name="@Tree06@4778" type="Node3D" parent="NavRegion/Trees" instance=ExtResource("10_d60ta")]
transform = Transform3D(0.983171, 0, 0.182686, 0, 1, 0, -0.182686, 0, 0.983171, 0, -0.367369, 12)

[node name="@TreeBlob04@4840" type="Node3D" parent="NavRegion/Trees" instance=ExtResource("9_bd1ew")]
transform = Transform3D(0.804016, 0, 0.594608, 0, 1, 0, -0.594608, 0, 0.804016, 1, -1.25714, -36)

[node name="@Tree02@4922" type="Node3D" parent="NavRegion/Trees" instance=ExtResource("11_wdmkk")]
transform = Transform3D(-0.045815, 0, -0.99895, 0, 1, 0, 0.99895, 0, -0.045815, 1, -0.240577, 45)

[node name="@Tree03@5006" type="Node3D" parent="NavRegion/Trees" instance=ExtResource("16_gxilp")]
transform = Transform3D(0.190108, 0, -0.981763, 0, 1, 0, 0.981763, 0, 0.190108, 2, -0.216031, 19)

[node name="@TreeTall01@5080" type="Node3D" parent="NavRegion/Trees" instance=ExtResource("13_6afr0")]
transform = Transform3D(-0.332282, 0, 0.94318, 0, 1, 0, -0.94318, 0, -0.332282, 3, -1.16164, -17)

[node name="@TreeBlob04@5131" type="Node3D" parent="NavRegion/Trees" instance=ExtResource("9_bd1ew")]
transform = Transform3D(0.956348, 0, -0.292231, 0, 1, 0, 0.292231, 0, 0.956348, 3, -0.124961, 33)

[node name="@TreeRoundTop02@5179" type="Node3D" parent="NavRegion/Trees" instance=ExtResource("2_n7egf")]
transform = Transform3D(-0.765199, 0, -0.643795, 0, 1, 0, 0.643795, 0, -0.765199, 4, -1.24865, -29)

[node name="@Tree01@5452" type="Node3D" parent="NavRegion/Trees" instance=ExtResource("14_gma2y")]
transform = Transform3D(0.55311, 0, 0.833108, 0, 1, 0, -0.833108, 0, 0.55311, 6, -0.116658, 25)

[node name="@Tree06@5468" type="Node3D" parent="NavRegion/Trees" instance=ExtResource("10_d60ta")]
transform = Transform3D(-0.744967, 0, -0.667101, 0, 1, 0, 0.667101, 0, -0.744967, 6, -0.130846, 40)

[node name="@TreeRoundTop04@5549" type="Node3D" parent="NavRegion/Trees" instance=ExtResource("3_eo6kf")]
transform = Transform3D(0.180161, 0, 0.983637, 0, 1, 0, -0.983637, 0, 0.180161, 7, -0.364976, 11)

[node name="@Tree02@5588" type="Node3D" parent="NavRegion/Trees" instance=ExtResource("11_wdmkk")]
transform = Transform3D(-0.878204, 0, 0.478286, 0, 1, 0, -0.478286, 0, -0.878204, 7, -0.200484, 49)

[node name="TreeRoundTop03" type="Node3D" parent="NavRegion/Trees" instance=ExtResource("18_wvgka")]
transform = Transform3D(-0.992129, 0, -0.125222, 0, 1, 0, 0.125222, 0, -0.992129, 8, -1.19128, -23)

[node name="@TreeTall01@5776" type="Node3D" parent="NavRegion/Trees" instance=ExtResource("13_6afr0")]
transform = Transform3D(0.919119, 0, 0.393981, 0, 1, 0, -0.393981, 0, 0.919119, 9, -0.194773, 18)

[node name="@TreeRoundTop02@5852" type="Node3D" parent="NavRegion/Trees" instance=ExtResource("2_n7egf")]
transform = Transform3D(-0.246417, 0, -0.969164, 0, 1, 0, 0.969164, 0, -0.246417, 10, -1.09873, -16)

[node name="@TreeRoundTop04@5900" type="Node3D" parent="NavRegion/Trees" instance=ExtResource("3_eo6kf")]
transform = Transform3D(-0.884103, 0, -0.467293, 0, 1, 0, 0.467293, 0, -0.884103, 10, -0.0587409, 31)

[node name="@TreeRoundTop01@6129" type="Node3D" parent="NavRegion/Trees" instance=ExtResource("17_be86a")]
transform = Transform3D(-0.780078, 0, 0.625682, 0, 1, 0, -0.625682, 0, -0.780078, 12, -0.112812, 44)

[node name="@Tree03@6217" type="Node3D" parent="NavRegion/Trees" instance=ExtResource("16_gxilp")]
transform = Transform3D(0.0478709, 0, -0.998854, 0, 1, 0, 0.998854, 0, 0.0478709, 13, -0.08222, 24)

[node name="@Tree02@6311" type="Node3D" parent="NavRegion/Trees" instance=ExtResource("11_wdmkk")]
transform = Transform3D(-0.250609, 0, 0.968088, 0, 1, 0, -0.968088, 0, -0.250609, 14, -0.374248, 10)

[node name="@TreeBlob03@6339" type="Node3D" parent="NavRegion/Trees" instance=ExtResource("15_h1vcf")]
transform = Transform3D(-0.0539843, 0, 0.998542, 0, 1, 0, -0.998542, 0, -0.0539843, 14, -0.0460956, 37)

[node name="@TreeBlob02@6531" type="Node3D" parent="NavRegion/Trees" instance=ExtResource("12_1s24t")]
transform = Transform3D(0.99576, 0, -0.0919867, 0, 1, 0, 0.0919867, 0, 0.99576, 16, -0.18839, 17)

[node name="@Tree06@6650" type="Node3D" parent="NavRegion/Trees" instance=ExtResource("10_d60ta")]
transform = Transform3D(0.262489, 0, -0.964935, 0, 1, 0, 0.964935, 0, 0.262489, 17, -0.0200189, 30)

[node name="@TreeRoundTop02@6870" type="Node3D" parent="NavRegion/Trees" instance=ExtResource("2_n7egf")]
transform = Transform3D(0.809957, 0, 0.586489, 0, 1, 0, -0.586489, 0, 0.809957, 19, -0.0677014, 42)

[node name="@Tree01@6955" type="Node3D" parent="NavRegion/Trees" instance=ExtResource("14_gma2y")]
transform = Transform3D(-0.725059, 0, -0.688686, 0, 1, 0, 0.688686, 0, -0.725059, 20, -0.068307, 23)

[node name="@Tree04@7046" type="Node3D" parent="NavRegion/Trees" instance=ExtResource("7_472av")]
transform = Transform3D(0.527947, 0, -0.849277, 0, 1, 0, 0.849277, 0, 0.527947, 21, -0.34671, 11)

[node name="@TreeRoundTop04@7451" type="Node3D" parent="NavRegion/Trees" instance=ExtResource("3_eo6kf")]
transform = Transform3D(-0.894127, 0, 0.447814, 0, 1, 0, -0.447814, 0, -0.894127, 25, -0.189812, 17)

[node name="@Tree06@8107" type="Node3D" parent="NavRegion/Trees" instance=ExtResource("10_d60ta")]
transform = Transform3D(-0.295262, 0, -0.955416, 0, 1, 0, 0.955416, 0, -0.295262, 32, -0.294984, 15)

[node name="@TreeRoundTop03@8344" type="Node3D" parent="NavRegion/Trees" instance=ExtResource("18_wvgka")]
transform = Transform3D(-0.98713, 0, 0.159923, 0, 1, 0, -0.159923, 0, -0.98713, 35, -1.06205, -12)

[node name="@TreeTall03@8675" type="Node3D" parent="NavRegion/Trees" instance=ExtResource("6_qlsvd")]
transform = Transform3D(0.934964, 0, -0.354744, 0, 1, 0, 0.354744, 0, 0.934964, 39, -1.02409, -6)

[node name="@Tree06@8889" type="Node3D" parent="NavRegion/Trees" instance=ExtResource("10_d60ta")]
transform = Transform3D(-0.034533, 0, -0.999404, 0, 1, 0, 0.999404, 0, -0.034533, 42, -1.11754, -15)

[node name="@Tree02@9106" type="Node3D" parent="NavRegion/Trees" instance=ExtResource("11_wdmkk")]
transform = Transform3D(-0.277494, 0, -0.960727, 0, 1, 0, 0.960727, 0, -0.277494, 45, -1.02324, -2)

[node name="@TreeBlob02@9162" type="Node3D" parent="NavRegion/Trees" instance=ExtResource("12_1s24t")]
transform = Transform3D(0.984258, 0, -0.176737, 0, 1, 0, 0.176737, 0, 0.984258, 46, -1.13444, -9)

[node name="Terrain" type="Node3D" parent="NavRegion"]

[node name="Cube" type="Node3D" parent="NavRegion/Terrain" instance=ExtResource("19_nxwtw")]
transform = Transform3D(1, 0, 0, 0, 1, 0, 0, 0, 1, -55, -7.32419, 0)

[node name="@Cube@2" type="Node3D" parent="NavRegion/Terrain" instance=ExtResource("19_nxwtw")]
transform = Transform3D(1, 0, 0, 0, 1, 0, 0, 0, 1, -54, -8.75002, -10)

[node name="@Cube@3" type="Node3D" parent="NavRegion/Terrain" instance=ExtResource("19_nxwtw")]
transform = Transform3D(1, 0, 0, 0, 1, 0, 0, 0, 1, -54, -8.2377, -9)

[node name="@Cube@4" type="Node3D" parent="NavRegion/Terrain" instance=ExtResource("19_nxwtw")]
transform = Transform3D(1, 0, 0, 0, 1, 0, 0, 0, 1, -54, -7.75826, -8)

[node name="@Cube@5" type="Node3D" parent="NavRegion/Terrain" instance=ExtResource("19_nxwtw")]
transform = Transform3D(1, 0, 0, 0, 1, 0, 0, 0, 1, -54, -7.31409, -7)

[node name="@Cube@6" type="Node3D" parent="NavRegion/Terrain" instance=ExtResource("19_nxwtw")]
transform = Transform3D(1, 0, 0, 0, 1, 0, 0, 0, 1, -54, -6.90748, -6)

[node name="@Cube@7" type="Node3D" parent="NavRegion/Terrain" instance=ExtResource("19_nxwtw")]
transform = Transform3D(1, 0, 0, 0, 1, 0, 0, 0, 1, -54, -6.54058, -5)

[node name="@Cube@8" type="Node3D" parent="NavRegion/Terrain" instance=ExtResource("19_nxwtw")]
transform = Transform3D(1, 0, 0, 0, 1, 0, 0, 0, 1, -54, -6.34096, -4)

[node name="@Cube@9" type="Node3D" parent="NavRegion/Terrain" instance=ExtResource("19_nxwtw")]
transform = Transform3D(1, 0, 0, 0, 1, 0, 0, 0, 1, -54, -6.23327, -3)

[node name="@Cube@10" type="Node3D" parent="NavRegion/Terrain" instance=ExtResource("19_nxwtw")]
transform = Transform3D(1, 0, 0, 0, 1, 0, 0, 0, 1, -54, -6.15064, -2)

[node name="@Cube@11" type="Node3D" parent="NavRegion/Terrain" instance=ExtResource("19_nxwtw")]
transform = Transform3D(1, 0, 0, 0, 1, 0, 0, 0, 1, -54, -6.09325, -1)

[node name="@Cube@12" type="Node3D" parent="NavRegion/Terrain" instance=ExtResource("19_nxwtw")]
transform = Transform3D(1, 0, 0, 0, 1, 0, 0, 0, 1, -54, -6.06123, 0)

[node name="@Cube@13" type="Node3D" parent="NavRegion/Terrain" instance=ExtResource("19_nxwtw")]
transform = Transform3D(1, 0, 0, 0, 1, 0, 0, 0, 1, -54, -6.05467, 1)

[node name="@Cube@14" type="Node3D" parent="NavRegion/Terrain" instance=ExtResource("19_nxwtw")]
transform = Transform3D(1, 0, 0, 0, 1, 0, 0, 0, 1, -54, -6.07364, 2)

[node name="@Cube@15" type="Node3D" parent="NavRegion/Terrain" instance=ExtResource("19_nxwtw")]
transform = Transform3D(1, 0, 0, 0, 1, 0, 0, 0, 1, -54, -6.11815, 3)

[node name="@Cube@16" type="Node3D" parent="NavRegion/Terrain" instance=ExtResource("19_nxwtw")]
transform = Transform3D(1, 0, 0, 0, 1, 0, 0, 0, 1, -54, -6.18818, 4)

[node name="@Cube@17" type="Node3D" parent="NavRegion/Terrain" instance=ExtResource("19_nxwtw")]
transform = Transform3D(1, 0, 0, 0, 1, 0, 0, 0, 1, -54, -6.28369, 5)

[node name="@Cube@18" type="Node3D" parent="NavRegion/Terrain" instance=ExtResource("19_nxwtw")]
transform = Transform3D(1, 0, 0, 0, 1, 0, 0, 0, 1, -54, -6.40459, 6)

[node name="@Cube@19" type="Node3D" parent="NavRegion/Terrain" instance=ExtResource("19_nxwtw")]
transform = Transform3D(1, 0, 0, 0, 1, 0, 0, 0, 1, -54, -6.55076, 7)

[node name="@Cube@20" type="Node3D" parent="NavRegion/Terrain" instance=ExtResource("19_nxwtw")]
transform = Transform3D(1, 0, 0, 0, 1, 0, 0, 0, 1, -54, -6.72206, 8)

[node name="@Cube@21" type="Node3D" parent="NavRegion/Terrain" instance=ExtResource("19_nxwtw")]
transform = Transform3D(1, 0, 0, 0, 1, 0, 0, 0, 1, -54, -6.91832, 9)

[node name="@Cube@22" type="Node3D" parent="NavRegion/Terrain" instance=ExtResource("19_nxwtw")]
transform = Transform3D(1, 0, 0, 0, 1, 0, 0, 0, 1, -54, -7.13934, 10)

[node name="@Cube@23" type="Node3D" parent="NavRegion/Terrain" instance=ExtResource("19_nxwtw")]
transform = Transform3D(1, 0, 0, 0, 1, 0, 0, 0, 1, -53, -9.98934, -14)

[node name="@Cube@24" type="Node3D" parent="NavRegion/Terrain" instance=ExtResource("19_nxwtw")]
transform = Transform3D(1, 0, 0, 0, 1, 0, 0, 0, 1, -53, -9.35945, -13)

[node name="@Cube@25" type="Node3D" parent="NavRegion/Terrain" instance=ExtResource("19_nxwtw")]
transform = Transform3D(1, 0, 0, 0, 1, 0, 0, 0, 1, -53, -8.75178, -12)

[node name="@Cube@26" type="Node3D" parent="NavRegion/Terrain" instance=ExtResource("19_nxwtw")]
transform = Transform3D(1, 0, 0, 0, 1, 0, 0, 0, 1, -53, -8.1691, -11)

[node name="@Cube@27" type="Node3D" parent="NavRegion/Terrain" instance=ExtResource("19_nxwtw")]
transform = Transform3D(1, 0, 0, 0, 1, 0, 0, 0, 1, -53, -7.6141, -10)

[node name="@Cube@28" type="Node3D" parent="NavRegion/Terrain" instance=ExtResource("19_nxwtw")]
transform = Transform3D(1, 0, 0, 0, 1, 0, 0, 0, 1, -53, -7.08944, -9)

[node name="@Cube@29" type="Node3D" parent="NavRegion/Terrain" instance=ExtResource("19_nxwtw")]
transform = Transform3D(1, 0, 0, 0, 1, 0, 0, 0, 1, -53, -6.59769, -8)

[node name="@Cube@30" type="Node3D" parent="NavRegion/Terrain" instance=ExtResource("19_nxwtw")]
transform = Transform3D(1, 0, 0, 0, 1, 0, 0, 0, 1, -53, -6.1413, -7)

[node name="@Cube@31" type="Node3D" parent="NavRegion/Terrain" instance=ExtResource("19_nxwtw")]
transform = Transform3D(1, 0, 0, 0, 1, 0, 0, 0, 1, -53, -5.72261, -6)

[node name="@Cube@32" type="Node3D" parent="NavRegion/Terrain" instance=ExtResource("19_nxwtw")]
transform = Transform3D(1, 0, 0, 0, 1, 0, 0, 0, 1, -53, -5.34379, -5)

[node name="@Cube@33" type="Node3D" parent="NavRegion/Terrain" instance=ExtResource("19_nxwtw")]
transform = Transform3D(1, 0, 0, 0, 1, 0, 0, 0, 1, -53, -5.08496, -4)

[node name="@Cube@34" type="Node3D" parent="NavRegion/Terrain" instance=ExtResource("19_nxwtw")]
transform = Transform3D(1, 0, 0, 0, 1, 0, 0, 0, 1, -53, -4.9751, -3)

[node name="@Cube@35" type="Node3D" parent="NavRegion/Terrain" instance=ExtResource("19_nxwtw")]
transform = Transform3D(1, 0, 0, 0, 1, 0, 0, 0, 1, -53, -4.89072, -2)

[node name="@Cube@36" type="Node3D" parent="NavRegion/Terrain" instance=ExtResource("19_nxwtw")]
transform = Transform3D(1, 0, 0, 0, 1, 0, 0, 0, 1, -53, -4.832, -1)

[node name="@Cube@37" type="Node3D" parent="NavRegion/Terrain" instance=ExtResource("19_nxwtw")]
transform = Transform3D(1, 0, 0, 0, 1, 0, 0, 0, 1, -53, -4.79907, 0)

[node name="@Cube@38" type="Node3D" parent="NavRegion/Terrain" instance=ExtResource("19_nxwtw")]
transform = Transform3D(1, 0, 0, 0, 1, 0, 0, 0, 1, -53, -4.79204, 1)

[node name="@Cube@39" type="Node3D" parent="NavRegion/Terrain" instance=ExtResource("19_nxwtw")]
transform = Transform3D(1, 0, 0, 0, 1, 0, 0, 0, 1, -53, -4.81095, 2)

[node name="@Cube@40" type="Node3D" parent="NavRegion/Terrain" instance=ExtResource("19_nxwtw")]
transform = Transform3D(1, 0, 0, 0, 1, 0, 0, 0, 1, -53, -4.85584, 3)

[node name="@Cube@41" type="Node3D" parent="NavRegion/Terrain" instance=ExtResource("19_nxwtw")]
transform = Transform3D(1, 0, 0, 0, 1, 0, 0, 0, 1, -53, -4.92667, 4)

[node name="@Cube@42" type="Node3D" parent="NavRegion/Terrain" instance=ExtResource("19_nxwtw")]
transform = Transform3D(1, 0, 0, 0, 1, 0, 0, 0, 1, -53, -5.0234, 5)

[node name="@Cube@43" type="Node3D" parent="NavRegion/Terrain" instance=ExtResource("19_nxwtw")]
transform = Transform3D(1, 0, 0, 0, 1, 0, 0, 0, 1, -53, -5.14595, 6)

[node name="@Cube@44" type="Node3D" parent="NavRegion/Terrain" instance=ExtResource("19_nxwtw")]
transform = Transform3D(1, 0, 0, 0, 1, 0, 0, 0, 1, -53, -5.29418, 7)

[node name="@Cube@45" type="Node3D" parent="NavRegion/Terrain" instance=ExtResource("19_nxwtw")]
transform = Transform3D(1, 0, 0, 0, 1, 0, 0, 0, 1, -53, -5.46796, 8)

[node name="@Cube@46" type="Node3D" parent="NavRegion/Terrain" instance=ExtResource("19_nxwtw")]
transform = Transform3D(1, 0, 0, 0, 1, 0, 0, 0, 1, -53, -5.66712, 9)

[node name="@Cube@47" type="Node3D" parent="NavRegion/Terrain" instance=ExtResource("19_nxwtw")]
transform = Transform3D(1, 0, 0, 0, 1, 0, 0, 0, 1, -53, -5.89142, 10)

[node name="@Cube@48" type="Node3D" parent="NavRegion/Terrain" instance=ExtResource("19_nxwtw")]
transform = Transform3D(1, 0, 0, 0, 1, 0, 0, 0, 1, -53, -6.14065, 11)

[node name="@Cube@49" type="Node3D" parent="NavRegion/Terrain" instance=ExtResource("19_nxwtw")]
transform = Transform3D(1, 0, 0, 0, 1, 0, 0, 0, 1, -53, -6.41451, 12)

[node name="@Cube@50" type="Node3D" parent="NavRegion/Terrain" instance=ExtResource("19_nxwtw")]
transform = Transform3D(1, 0, 0, 0, 1, 0, 0, 0, 1, -53, -6.71272, 13)

[node name="@Cube@51" type="Node3D" parent="NavRegion/Terrain" instance=ExtResource("19_nxwtw")]
transform = Transform3D(1, 0, 0, 0, 1, 0, 0, 0, 1, -53, -7.03496, 14)

[node name="@Cube@52" type="Node3D" parent="NavRegion/Terrain" instance=ExtResource("19_nxwtw")]
transform = Transform3D(1, 0, 0, 0, 1, 0, 0, 0, 1, -52, -9.59699, -17)

[node name="@Cube@53" type="Node3D" parent="NavRegion/Terrain" instance=ExtResource("19_nxwtw")]
transform = Transform3D(1, 0, 0, 0, 1, 0, 0, 0, 1, -52, -9.45192, -16)

[node name="@Cube@54" type="Node3D" parent="NavRegion/Terrain" instance=ExtResource("19_nxwtw")]
transform = Transform3D(1, 0, 0, 0, 1, 0, 0, 0, 1, -52, -9.33482, -15)

[node name="@Cube@55" type="Node3D" parent="NavRegion/Terrain" instance=ExtResource("19_nxwtw")]
transform = Transform3D(1, 0, 0, 0, 1, 0, 0, 0, 1, -52, -8.90935, -14)

[node name="@Cube@56" type="Node3D" parent="NavRegion/Terrain" instance=ExtResource("19_nxwtw")]
transform = Transform3D(1, 0, 0, 0, 1, 0, 0, 0, 1, -52, -8.26789, -13)

[node name="@Cube@57" type="Node3D" parent="NavRegion/Terrain" instance=ExtResource("19_nxwtw")]
transform = Transform3D(1, 0, 0, 0, 1, 0, 0, 0, 1, -52, -7.64852, -12)

[node name="@Cube@58" type="Node3D" parent="NavRegion/Terrain" instance=ExtResource("19_nxwtw")]
transform = Transform3D(1, 0, 0, 0, 1, 0, 0, 0, 1, -52, -7.05402, -11)

[node name="@Cube@59" type="Node3D" parent="NavRegion/Terrain" instance=ExtResource("19_nxwtw")]
transform = Transform3D(1, 0, 0, 0, 1, 0, 0, 0, 1, -52, -6.48714, -10)

[node name="@Cube@60" type="Node3D" parent="NavRegion/Terrain" instance=ExtResource("19_nxwtw")]
transform = Transform3D(1, 0, 0, 0, 1, 0, 0, 0, 1, -52, -5.95058, -9)

[node name="@Cube@61" type="Node3D" parent="NavRegion/Terrain" instance=ExtResource("19_nxwtw")]
transform = Transform3D(1, 0, 0, 0, 1, 0, 0, 0, 1, -52, -5.44695, -8)

[node name="@Cube@62" type="Node3D" parent="NavRegion/Terrain" instance=ExtResource("19_nxwtw")]
transform = Transform3D(1, 0, 0, 0, 1, 0, 0, 0, 1, -52, -4.97874, -7)

[node name="@Cube@63" type="Node3D" parent="NavRegion/Terrain" instance=ExtResource("19_nxwtw")]
transform = Transform3D(1, 0, 0, 0, 1, 0, 0, 0, 1, -52, -4.54833, -6)

[node name="@Cube@64" type="Node3D" parent="NavRegion/Terrain" instance=ExtResource("19_nxwtw")]
transform = Transform3D(1, 0, 0, 0, 1, 0, 0, 0, 1, -52, -4.15795, -5)

[node name="@Cube@65" type="Node3D" parent="NavRegion/Terrain" instance=ExtResource("19_nxwtw")]
transform = Transform3D(1, 0, 0, 0, 1, 0, 0, 0, 1, -52, -3.82978, -4)

[node name="@Cube@66" type="Node3D" parent="NavRegion/Terrain" instance=ExtResource("19_nxwtw")]
transform = Transform3D(1, 0, 0, 0, 1, 0, 0, 0, 1, -52, -3.71772, -3)

[node name="@Cube@67" type="Node3D" parent="NavRegion/Terrain" instance=ExtResource("19_nxwtw")]
transform = Transform3D(1, 0, 0, 0, 1, 0, 0, 0, 1, -52, -3.63157, -2)

[node name="@Cube@68" type="Node3D" parent="NavRegion/Terrain" instance=ExtResource("19_nxwtw")]
transform = Transform3D(1, 0, 0, 0, 1, 0, 0, 0, 1, -52, -3.57151, -1)

[node name="@Cube@69" type="Node3D" parent="NavRegion/Terrain" instance=ExtResource("19_nxwtw")]
transform = Transform3D(1, 0, 0, 0, 1, 0, 0, 0, 1, -52, -3.53769, 0)

[node name="@Cube@70" type="Node3D" parent="NavRegion/Terrain" instance=ExtResource("19_nxwtw")]
transform = Transform3D(1, 0, 0, 0, 1, 0, 0, 0, 1, -52, -3.53019, 1)

[node name="@Cube@71" type="Node3D" parent="NavRegion/Terrain" instance=ExtResource("19_nxwtw")]
transform = Transform3D(1, 0, 0, 0, 1, 0, 0, 0, 1, -52, -3.5491, 2)

[node name="@Cube@72" type="Node3D" parent="NavRegion/Terrain" instance=ExtResource("19_nxwtw")]
transform = Transform3D(1, 0, 0, 0, 1, 0, 0, 0, 1, -52, -3.59441, 3)

[node name="@Cube@73" type="Node3D" parent="NavRegion/Terrain" instance=ExtResource("19_nxwtw")]
transform = Transform3D(1, 0, 0, 0, 1, 0, 0, 0, 1, -52, -3.66612, 4)

[node name="@Cube@74" type="Node3D" parent="NavRegion/Terrain" instance=ExtResource("19_nxwtw")]
transform = Transform3D(1, 0, 0, 0, 1, 0, 0, 0, 1, -52, -3.76416, 5)

[node name="@Cube@75" type="Node3D" parent="NavRegion/Terrain" instance=ExtResource("19_nxwtw")]
transform = Transform3D(1, 0, 0, 0, 1, 0, 0, 0, 1, -52, -3.88845, 6)

[node name="@Cube@76" type="Node3D" parent="NavRegion/Terrain" instance=ExtResource("19_nxwtw")]
transform = Transform3D(1, 0, 0, 0, 1, 0, 0, 0, 1, -52, -4.03887, 7)

[node name="@Cube@77" type="Node3D" parent="NavRegion/Terrain" instance=ExtResource("19_nxwtw")]
transform = Transform3D(1, 0, 0, 0, 1, 0, 0, 0, 1, -52, -4.21525, 8)

[node name="@Cube@78" type="Node3D" parent="NavRegion/Terrain" instance=ExtResource("19_nxwtw")]
transform = Transform3D(1, 0, 0, 0, 1, 0, 0, 0, 1, -52, -4.41744, 9)

[node name="@Cube@79" type="Node3D" parent="NavRegion/Terrain" instance=ExtResource("19_nxwtw")]
transform = Transform3D(1, 0, 0, 0, 1, 0, 0, 0, 1, -52, -4.64519, 10)

[node name="@Cube@80" type="Node3D" parent="NavRegion/Terrain" instance=ExtResource("19_nxwtw")]
transform = Transform3D(1, 0, 0, 0, 1, 0, 0, 0, 1, -52, -4.89828, 11)

[node name="@Cube@81" type="Node3D" parent="NavRegion/Terrain" instance=ExtResource("19_nxwtw")]
transform = Transform3D(1, 0, 0, 0, 1, 0, 0, 0, 1, -52, -5.1764, 12)

[node name="@Cube@82" type="Node3D" parent="NavRegion/Terrain" instance=ExtResource("19_nxwtw")]
transform = Transform3D(1, 0, 0, 0, 1, 0, 0, 0, 1, -52, -5.47924, 13)

[node name="@Cube@83" type="Node3D" parent="NavRegion/Terrain" instance=ExtResource("19_nxwtw")]
transform = Transform3D(1, 0, 0, 0, 1, 0, 0, 0, 1, -52, -5.80645, 14)

[node name="@Cube@84" type="Node3D" parent="NavRegion/Terrain" instance=ExtResource("19_nxwtw")]
transform = Transform3D(1, 0, 0, 0, 1, 0, 0, 0, 1, -52, -6.2476, 15)

[node name="@Cube@85" type="Node3D" parent="NavRegion/Terrain" instance=ExtResource("19_nxwtw")]
transform = Transform3D(1, 0, 0, 0, 1, 0, 0, 0, 1, -52, -6.82029, 16)

[node name="@Cube@86" type="Node3D" parent="NavRegion/Terrain" instance=ExtResource("19_nxwtw")]
transform = Transform3D(1, 0, 0, 0, 1, 0, 0, 0, 1, -52, -7.42767, 17)

[node name="@Cube@87" type="Node3D" parent="NavRegion/Terrain" instance=ExtResource("19_nxwtw")]
transform = Transform3D(1, 0, 0, 0, 1, 0, 0, 0, 1, -51, -8.89186, -20)

[node name="@Cube@88" type="Node3D" parent="NavRegion/Terrain" instance=ExtResource("19_nxwtw")]
transform = Transform3D(1, 0, 0, 0, 1, 0, 0, 0, 1, -51, -8.6476, -19)

[node name="@Cube@89" type="Node3D" parent="NavRegion/Terrain" instance=ExtResource("19_nxwtw")]
transform = Transform3D(1, 0, 0, 0, 1, 0, 0, 0, 1, -51, -8.43677, -18)

[node name="@Cube@90" type="Node3D" parent="NavRegion/Terrain" instance=ExtResource("19_nxwtw")]
transform = Transform3D(1, 0, 0, 0, 1, 0, 0, 0, 1, -51, -8.25792, -17)

[node name="@Cube@91" type="Node3D" parent="NavRegion/Terrain" instance=ExtResource("19_nxwtw")]
transform = Transform3D(1, 0, 0, 0, 1, 0, 0, 0, 1, -51, -8.10947, -16)

[node name="@Cube@92" type="Node3D" parent="NavRegion/Terrain" instance=ExtResource("19_nxwtw")]
transform = Transform3D(1, 0, 0, 0, 1, 0, 0, 0, 1, -51, -7.98976, -15)

[node name="@Cube@93" type="Node3D" parent="NavRegion/Terrain" instance=ExtResource("19_nxwtw")]
transform = Transform3D(1, 0, 0, 0, 1, 0, 0, 0, 1, -51, -7.83674, -14)

[node name="@Cube@94" type="Node3D" parent="NavRegion/Terrain" instance=ExtResource("19_nxwtw")]
transform = Transform3D(1, 0, 0, 0, 1, 0, 0, 0, 1, -51, -7.18418, -13)

[node name="@Cube@95" type="Node3D" parent="NavRegion/Terrain" instance=ExtResource("19_nxwtw")]
transform = Transform3D(1, 0, 0, 0, 1, 0, 0, 0, 1, -51, -6.55356, -12)

[node name="@Cube@96" type="Node3D" parent="NavRegion/Terrain" instance=ExtResource("19_nxwtw")]
transform = Transform3D(1, 0, 0, 0, 1, 0, 0, 0, 1, -51, -5.94769, -11)

[node name="@Cube@97" type="Node3D" parent="NavRegion/Terrain" instance=ExtResource("19_nxwtw")]
transform = Transform3D(1, 0, 0, 0, 1, 0, 0, 0, 1, -51, -5.36937, -10)

[node name="@Cube@98" type="Node3D" parent="NavRegion/Terrain" instance=ExtResource("19_nxwtw")]
transform = Transform3D(1, 0, 0, 0, 1, 0, 0, 0, 1, -51, -4.82132, -9)

[node name="@Cube@99" type="Node3D" parent="NavRegion/Terrain" instance=ExtResource("19_nxwtw")]
transform = Transform3D(1, 0, 0, 0, 1, 0, 0, 0, 1, -51, -4.30619, -8)

[node name="@Cube@100" type="Node3D" parent="NavRegion/Terrain" instance=ExtResource("19_nxwtw")]
transform = Transform3D(1, 0, 0, 0, 1, 0, 0, 0, 1, -51, -3.82652, -7)

[node name="@Cube@101" type="Node3D" parent="NavRegion/Terrain" instance=ExtResource("19_nxwtw")]
transform = Transform3D(1, 0, 0, 0, 1, 0, 0, 0, 1, -51, -3.38473, -6)

[node name="@Cube@102" type="Node3D" parent="NavRegion/Terrain" instance=ExtResource("19_nxwtw")]
transform = Transform3D(1, 0, 0, 0, 1, 0, 0, 0, 1, -51, -2.98308, -5)

[node name="@Cube@103" type="Node3D" parent="NavRegion/Terrain" instance=ExtResource("19_nxwtw")]
transform = Transform3D(1, 0, 0, 0, 1, 0, 0, 0, 1, -51, -2.62366, -4)

[node name="@Cube@104" type="Node3D" parent="NavRegion/Terrain" instance=ExtResource("19_nxwtw")]
transform = Transform3D(1, 0, 0, 0, 1, 0, 0, 0, 1, -51, -2.46107, -3)

[node name="@Cube@105" type="Node3D" parent="NavRegion/Terrain" instance=ExtResource("19_nxwtw")]
transform = Transform3D(1, 0, 0, 0, 1, 0, 0, 0, 1, -51, -2.37313, -2)

[node name="@Cube@106" type="Node3D" parent="NavRegion/Terrain" instance=ExtResource("19_nxwtw")]
transform = Transform3D(1, 0, 0, 0, 1, 0, 0, 0, 1, -51, -2.31173, -1)

[node name="@Cube@107" type="Node3D" parent="NavRegion/Terrain" instance=ExtResource("19_nxwtw")]
transform = Transform3D(1, 0, 0, 0, 1, 0, 0, 0, 1, -51, -2.27702, 0)

[node name="@Cube@108" type="Node3D" parent="NavRegion/Terrain" instance=ExtResource("19_nxwtw")]
transform = Transform3D(1, 0, 0, 0, 1, 0, 0, 0, 1, -51, -2.2691, 1)

[node name="@Cube@109" type="Node3D" parent="NavRegion/Terrain" instance=ExtResource("19_nxwtw")]
transform = Transform3D(1, 0, 0, 0, 1, 0, 0, 0, 1, -51, -2.28803, 2)

[node name="@Cube@110" type="Node3D" parent="NavRegion/Terrain" instance=ExtResource("19_nxwtw")]
transform = Transform3D(1, 0, 0, 0, 1, 0, 0, 0, 1, -51, -2.33383, 3)

[node name="@Cube@111" type="Node3D" parent="NavRegion/Terrain" instance=ExtResource("19_nxwtw")]
transform = Transform3D(1, 0, 0, 0, 1, 0, 0, 0, 1, -51, -2.40649, 4)

[node name="@Cube@112" type="Node3D" parent="NavRegion/Terrain" instance=ExtResource("19_nxwtw")]
transform = Transform3D(1, 0, 0, 0, 1, 0, 0, 0, 1, -51, -2.50593, 5)

[node name="@Cube@113" type="Node3D" parent="NavRegion/Terrain" instance=ExtResource("19_nxwtw")]
transform = Transform3D(1, 0, 0, 0, 1, 0, 0, 0, 1, -51, -2.63207, 6)

[node name="@Cube@114" type="Node3D" parent="NavRegion/Terrain" instance=ExtResource("19_nxwtw")]
transform = Transform3D(1, 0, 0, 0, 1, 0, 0, 0, 1, -51, -2.78478, 7)

[node name="@Cube@115" type="Node3D" parent="NavRegion/Terrain" instance=ExtResource("19_nxwtw")]
transform = Transform3D(1, 0, 0, 0, 1, 0, 0, 0, 1, -51, -2.96392, 8)

[node name="@Cube@116" type="Node3D" parent="NavRegion/Terrain" instance=ExtResource("19_nxwtw")]
transform = Transform3D(1, 0, 0, 0, 1, 0, 0, 0, 1, -51, -3.16929, 9)

[node name="@Cube@117" type="Node3D" parent="NavRegion/Terrain" instance=ExtResource("19_nxwtw")]
transform = Transform3D(1, 0, 0, 0, 1, 0, 0, 0, 1, -51, -3.40065, 10)

[node name="@Cube@118" type="Node3D" parent="NavRegion/Terrain" instance=ExtResource("19_nxwtw")]
transform = Transform3D(1, 0, 0, 0, 1, 0, 0, 0, 1, -51, -3.65776, 11)

[node name="@Cube@119" type="Node3D" parent="NavRegion/Terrain" instance=ExtResource("19_nxwtw")]
transform = Transform3D(1, 0, 0, 0, 1, 0, 0, 0, 1, -51, -3.94031, 12)

[node name="@Cube@120" type="Node3D" parent="NavRegion/Terrain" instance=ExtResource("19_nxwtw")]
transform = Transform3D(1, 0, 0, 0, 1, 0, 0, 0, 1, -51, -4.24798, 13)

[node name="@Cube@121" type="Node3D" parent="NavRegion/Terrain" instance=ExtResource("19_nxwtw")]
transform = Transform3D(1, 0, 0, 0, 1, 0, 0, 0, 1, -51, -4.5804, 14)

[node name="@Cube@122" type="Node3D" parent="NavRegion/Terrain" instance=ExtResource("19_nxwtw")]
transform = Transform3D(1, 0, 0, 0, 1, 0, 0, 0, 1, -51, -4.93741, 15)

[node name="@Cube@123" type="Node3D" parent="NavRegion/Terrain" instance=ExtResource("19_nxwtw")]
transform = Transform3D(1, 0, 0, 0, 1, 0, 0, 0, 1, -51, -5.51186, 16)

[node name="@Cube@124" type="Node3D" parent="NavRegion/Terrain" instance=ExtResource("19_nxwtw")]
transform = Transform3D(1, 0, 0, 0, 1, 0, 0, 0, 1, -51, -6.12211, 17)

[node name="@Cube@125" type="Node3D" parent="NavRegion/Terrain" instance=ExtResource("19_nxwtw")]
transform = Transform3D(1, 0, 0, 0, 1, 0, 0, 0, 1, -51, -6.76633, 18)

[node name="@Cube@126" type="Node3D" parent="NavRegion/Terrain" instance=ExtResource("19_nxwtw")]
transform = Transform3D(1, 0, 0, 0, 1, 0, 0, 0, 1, -51, -7.44272, 19)

[node name="@Cube@127" type="Node3D" parent="NavRegion/Terrain" instance=ExtResource("19_nxwtw")]
transform = Transform3D(1, 0, 0, 0, 1, 0, 0, 0, 1, -51, -8.14963, 20)

[node name="@Cube@128" type="Node3D" parent="NavRegion/Terrain" instance=ExtResource("19_nxwtw")]
transform = Transform3D(1, 0, 0, 0, 1, 0, 0, 0, 1, -50, -8.17769, -22)

[node name="@Cube@129" type="Node3D" parent="NavRegion/Terrain" instance=ExtResource("19_nxwtw")]
transform = Transform3D(1, 0, 0, 0, 1, 0, 0, 0, 1, -50, -7.85483, -21)

[node name="@Cube@130" type="Node3D" parent="NavRegion/Terrain" instance=ExtResource("19_nxwtw")]
transform = Transform3D(1, 0, 0, 0, 1, 0, 0, 0, 1, -50, -7.56864, -20)

[node name="@Cube@131" type="Node3D" parent="NavRegion/Terrain" instance=ExtResource("19_nxwtw")]
transform = Transform3D(1, 0, 0, 0, 1, 0, 0, 0, 1, -50, -7.31795, -19)

