[gd_scene load_steps=2 format=3 uid="uid://bisc3hmj5uops"]

[ext_resource type="PackedScene" uid="uid://de3m4g8erwv4w" path="res://Content/Player/Ralph_1.0_Baked_Final.fbx" id="1_bwyiw"]

[node name="Ralph_10_Baked_Final" instance=ExtResource("1_bwyiw")]

[node name="Skeleton3D" parent="RootNode/Armature" index="0"]
bones/1/position = Vector3(-0.00487795, 0.0161084, 0.00223167)
bones/1/rotation = Quaternion(0.666073, 0.244457, -0.660606, -0.245332)
bones/2/position = Vector3(0.00513538, -0.00775238, 0.00193048)
bones/2/rotation = Quaternion(0.709545, 0.0158153, -0.704297, -0.0162132)
bones/3/position = Vector3(-0.0204394, 0.00392458, 0.0225535)
bones/6/position = Vector3(-0.0187589, -0.0166212, 0.0193037)
bones/7/position = Vector3(0.0211316, -0.001459, 0.0164171)
bones/8/position = Vector3(0.0239573, 0.0151096, 0.0236405)
bones/9/position = Vector3(0.000129124, -4.04897e-05, -0.0245516)
bones/9/rotation = Quaternion(0.535333, -0.459571, 0.538738, -0.460407)
bones/53/rotation = Quaternion(0.329322, -0.325967, 0.803486, 0.373769)
bones/61/rotation = Quaternion(-0.125391, 0.0703529, 0.87198, 0.467952)
bones/69/rotation = Quaternion(-0.230134, 0.35657, 0.898106, -0.115336)
bones/77/rotation = Quaternion(0.0771255, -0.108587, 0.661101, 0.738381)
bones/85/rotation = Quaternion(0.852923, 0.521978, -0.00711486, -0.00325737)
bones/88/rotation = Quaternion(-0.00493603, -0.00400109, 0.280089, 0.959953)
bones/90/rotation = Quaternion(-0.00440677, 0.0119992, -0.670902, 0.741436)
bones/92/rotation = Quaternion(0.982616, 0.18531, -0.00173965, -0.0110647)
bones/95/rotation = Quaternion(-0.00890257, -0.00359997, 0.505067, 0.863026)
bones/97/rotation = Quaternion(-0.00229803, 0.0100768, -0.848294, 0.529425)
bones/99/rotation = Quaternion(0.782948, 0.622038, 0.0035406, -0.00704355)
bones/105/position = Vector3(0.0151403, 0.00421358, -4.23093e-05)
bones/106/rotation = Quaternion(-0.490706, 0.512548, 0.520632, 0.474809)
bones/110/rotation = Quaternion(-0.518441, 0.475653, 0.492925, 0.511858)
bones/143/position = Vector3(-0.00400104, 0.000563041, -0.045601)
bones/143/rotation = Quaternion(0.514187, -0.463883, 0.536883, -0.481853)
bones/144/rotation = Quaternion(-0.00834472, 0.000423641, 0.0394452, 0.999187)
bones/145/rotation = Quaternion(-4.65834e-05, -0.000587736, 0.0630661, 0.998009)
bones/146/position = Vector3(0.00531418, 0.0033455, -0.0252131)
bones/146/rotation = Quaternion(0.482941, 0.521722, 0.476789, 0.516958)
bones/147/rotation = Quaternion(-0.126752, 0.00888183, -0.00384656, 0.991887)
bones/148/rotation = Quaternion(0.211656, 0.896298, -0.38415, 0.0654314)
bones/149/position = Vector3(-0.00593617, 0.00334406, -0.025243)
bones/149/rotation = Quaternion(0.489662, 0.562555, 0.428019, 0.510453)
bones/150/rotation = Quaternion(0.151286, 0.0157301, -0.0706336, 0.985838)
bones/151/rotation = Quaternion(-0.0778849, 0.951328, 0.296863, -0.0279531)
bones/152/position = Vector3(0.00358359, 0.00508861, -0.0283551)
bones/152/rotation = Quaternion(0.37984, 0.608731, 0.380344, 0.583529)
bones/153/rotation = Quaternion(-0.130224, -0.0393295, 0.0912371, 0.986494)
bones/154/rotation = Quaternion(0.00526048, 0.994784, -0.00170814, -0.101851)
bones/155/rotation = Quaternion(-0.178434, 0.861172, 0.225273, -0.41928)
bones/156/position = Vector3(-0.00379719, 0.00736593, -0.0286241)
bones/156/rotation = Quaternion(0.535192, 0.536292, 0.450882, 0.471876)
bones/157/rotation = Quaternion(-0.0393624, 0.021225, -0.06489, 0.99689)
bones/158/rotation = Quaternion(-0.0180833, 0.99791, 0.0564309, 0.0257905)
bones/159/rotation = Quaternion(-0.231533, 0.0112358, 0.00775896, 0.972731)
bones/160/position = Vector3(-0.00467722, -0.00146635, -0.0231686)
bones/160/rotation = Quaternion(0.0218112, 0.997426, -0.068256, 0.00263684)

[node name="Body" parent="RootNode/Armature/Skeleton3D" index="0"]
transform = Transform3D(-0.998724, -0.050117, 0.00629218, -0.0505097, 0.990211, -0.13012, 0.000290642, -0.130271, -0.991478, 0.000149614, -0.00162003, -0.0346625)

[node name="L EnergyTubeman" parent="RootNode/Armature/Skeleton3D" index="1"]
transform = Transform3D(0.178615, 0.00896306, -0.00112531, 0.00903329, -0.177092, 0.023271, -5.19792e-05, 0.0232981, 0.177319, -0.00569779, 0.00319309, -0.0257282)

[node name="R EnergyTubeman" parent="RootNode/Armature/Skeleton3D" index="2"]
transform = Transform3D(0.178615, 0.00896306, -0.00112531, 0.00903329, -0.177092, 0.023271, -5.19792e-05, 0.0232981, 0.177319, 0.00531083, 0.00316383, -0.0253064)

[node name="Pack Mount" parent="RootNode/Armature/Skeleton3D" index="3"]
transform = Transform3D(-0.629227, -0.000125768, 0.00251439, 0.00261035, -0.0241126, -0.0434822, -0.00511821, 0.00316383, -0.331292, -4.91664e-05, 0.00883915, -0.0318856)

[node name="Cylinder008" parent="RootNode/Armature/Skeleton3D" index="4"]
transform = Transform3D(9.85899e-05, 0.000142731, -0.0037031, 0.0188067, -0.00246833, 1.53625e-05, -0.0024676, -0.0188063, -3.01212e-05, -0.00633086, 0.00672591, -0.0343283)

[node name="Cylinder009" parent="RootNode/Armature/Skeleton3D" index="5"]
transform = Transform3D(9.85899e-05, 0.000142731, -0.0037031, 0.0188067, -0.00246833, 1.53625e-05, -0.0024676, -0.0188063, -3.01212e-05, -0.00637038, 0.00743238, -0.0291097)

[node name="Cylinder010" parent="RootNode/Armature/Skeleton3D" index="6"]
transform = Transform3D(9.85899e-05, 0.000142731, -0.0037031, 0.0188067, -0.00246833, 1.53625e-05, -0.0024676, -0.0188063, -3.01212e-05, -0.0063542, 0.0105145, -0.0295274)

[node name="Cylinder011" parent="RootNode/Armature/Skeleton3D" index="7"]
transform = Transform3D(9.85899e-05, 0.000142731, -0.0037031, 0.0188067, -0.00246833, 1.53625e-05, -0.0024676, -0.0188063, -3.01212e-05, -0.00631451, 0.00983792, -0.0347513)

[node name="Cylinder012" parent="RootNode/Armature/Skeleton3D" index="8"]
transform = Transform3D(-9.85039e-05, 0.000142711, 0.0037031, -0.0188067, -0.00246834, -1.53626e-05, 0.00246783, -0.0188063, 3.01203e-05, 0.00625544, 0.00687827, -0.0343369)

[node name="Cylinder013" parent="RootNode/Armature/Skeleton3D" index="9"]
transform = Transform3D(-9.85039e-05, 0.000142711, 0.0037031, -0.0188067, -0.00246834, -1.53626e-05, 0.00246783, -0.0188063, 3.01203e-05, 0.00627117, 0.0098513, -0.0347548)

[node name="Cylinder014" parent="RootNode/Armature/Skeleton3D" index="10"]
transform = Transform3D(-9.85039e-05, 0.000142711, 0.0037031, -0.0188067, -0.00246834, -1.53626e-05, 0.00246783, -0.0188063, 3.01203e-05, 0.00621527, 0.00763232, -0.0290138)

[node name="Cylinder015" parent="RootNode/Armature/Skeleton3D" index="11"]
transform = Transform3D(-9.85039e-05, 0.000142711, 0.0037031, -0.0188067, -0.00246834, -1.53626e-05, 0.00246783, -0.0188063, 3.01203e-05, 0.006231, 0.0106053, -0.0294317)

[node name="ElbowXL002" parent="RootNode/Armature/Skeleton3D" index="12"]
transform = Transform3D(-0.059464, -7.90258, -0.0205108, 1.02841, 0.032784, -3.93063, 7.83548, -0.0642791, 0.515741, -6.5712e-05, 0.006744, -0.0322392)

[node name="BezierCurve004" parent="RootNode/Armature/Skeleton3D" index="13"]
transform = Transform3D(-0.93679, 0.00474002, 0.00704892, 0.0038863, 0.908365, -0.12191, -0.00761974, -0.119187, -0.928836, 0.000210878, 0.019493, -0.0375584)

[node name="BezierCurve005" parent="RootNode/Armature/Skeleton3D" index="14"]
transform = Transform3D(-0.664217, 0.00343665, 0.00499793, 0.00275553, 0.658591, -0.0864386, -0.00540267, -0.0864143, -0.658578, 0.000299358, 0.0206021, -0.0276799)

[node name="BezierCurve003" parent="RootNode/Armature/Skeleton3D" index="15"]
transform = Transform3D(-0.968392, 0.00483095, 0.00731665, 0.0040174, 0.925791, -0.12654, -0.00787679, -0.121474, -0.964115, 0.000156468, 0.0206979, -0.0302541)

[node name="BezierCurve006" parent="RootNode/Armature/Skeleton3D" index="16"]
transform = Transform3D(0.00165753, 0.664217, 0.00499794, 0.317645, -0.00275552, -0.0864386, -0.0416785, 0.00540267, -0.658578, 0.00868154, 0.0161522, -0.0272701)

[node name="Cube007" parent="RootNode/Armature/Skeleton3D" index="17"]
transform = Transform3D(-0.082434, 0.000426329, 0.00139842, 0.000341977, 0.0817357, -0.0241828, -0.000670531, -0.0107246, -0.184249, -0.00639483, 0.0087275, -0.0319677)

[node name="Headspin" parent="RootNode/Armature/Skeleton3D" index="18"]
transform = Transform3D(-0.999769, 0.0207358, 0.00555581, 0.0196462, 0.988104, -0.152522, -0.00865235, -0.152378, -0.988284, 0.000232701, -0.00216944, -0.0346028)

[node name="HeadSpinMemory" parent="RootNode/Armature/Skeleton3D" index="19"]
transform = Transform3D(-0.999769, 0.0207639, 0.00555276, 0.0196381, 0.987457, -0.156657, -0.0087359, -0.156512, -0.987637, 0.000234147, -0.00213388, -0.0345149)

[node name="Cylinder" parent="RootNode/Armature/Skeleton3D" index="20"]
transform = Transform3D(-0.0182615, 0.000105323, 0.00100117, -0.00508065, -0.0029715, -0.00352046, 0.000703215, -0.0187336, 0.000564038, 0.000275929, -0.0021497, -0.034526)

[node name="Cylinder001" parent="RootNode/Armature/Skeleton3D" index="21"]
transform = Transform3D(-0.0182615, 0.000105318, 0.00100117, -0.00508065, -0.00297148, -0.00352046, 0.000703216, -0.0187336, 0.000564034, 0.000275929, -0.0021497, -0.034526)

[node name="Cylinder002" parent="RootNode/Armature/Skeleton3D" index="22"]
transform = Transform3D(-0.00928668, 0.000105259, 0.00322899, -0.0163431, -0.00297143, -0.00178792, 0.00254007, -0.0187337, 0.000301733, 0.000261189, -0.00200697, -0.0345487)

[node name="Cylinder003" parent="RootNode/Armature/Skeleton3D" index="23"]
transform = Transform3D(-0.00928689, 0.000105336, 0.00322897, -0.016343, -0.00297147, -0.00178796, 0.00254004, -0.0187336, 0.000301756, 0.000261189, -0.00200697, -0.0345487)

[node name="Headspin_Lights" parent="RootNode/Armature/Skeleton3D" index="24"]
transform = Transform3D(-0.999769, 0.0207358, 0.00555581, 0.0196462, 0.988104, -0.152522, -0.00865236, -0.152378, -0.988284, 0.000264733, -0.00215977, -0.0344823)

[node name="Headspin001" parent="RootNode/Armature/Skeleton3D" index="25"]
transform = Transform3D(-0.99977, 0.0207358, 0.00555581, 0.0196463, 0.988104, -0.152522, -0.00865236, -0.152378, -0.988284, 0.000275017, -0.00219037, -0.0346131)

[node name="Headspin002" parent="RootNode/Armature/Skeleton3D" index="26"]
transform = Transform3D(-0.999815, 0.017562, 0.00787823, 0.0161682, 0.988352, -0.151324, -0.010444, -0.151168, -0.988452, 0.000132754, -0.00157434, -0.0346843)

[node name="Cylinder004" parent="RootNode/Armature/Skeleton3D" index="27"]
transform = Transform3D(0.0121567, 0.000128108, -0.0028426, 0.014404, -0.00287781, 0.00234308, -0.00212793, -0.0187481, -0.000379084, 0.000294196, -0.00215015, -0.0346326)

[node name="Cylinder005" parent="RootNode/Armature/Skeleton3D" index="28"]
transform = Transform3D(0.0181969, 0.000128087, -0.00104493, 0.00530897, -0.00287782, 0.00351057, -0.000690603, -0.0187481, -0.000546008, 0.000315563, -0.00222189, -0.0346214)

[node name="Cylinder006" parent="RootNode/Armature/Skeleton3D" index="29"]
transform = Transform3D(0.0121567, 0.000128109, -0.0028426, 0.0144041, -0.00287781, 0.00234308, -0.00212793, -0.0187481, -0.000379083, 0.000294197, -0.00215015, -0.0346326)

[node name="Cylinder007" parent="RootNode/Armature/Skeleton3D" index="30"]
transform = Transform3D(0.0181969, 0.000128087, -0.00104493, 0.00530897, -0.00287782, 0.00351057, -0.000690603, -0.0187481, -0.000546008, 0.00031556, -0.00222189, -0.0346214)

[node name="Antenna" parent="RootNode/Armature/Skeleton3D" index="31"]
transform = Transform3D(-0.988338, 0.152212, 0.00479043, 0.149757, 0.977144, -0.150887, -0.027648, -0.14841, -0.988539, -0.00425604, 0.00047621, -0.0474387)

[node name="Antenna003" parent="RootNode/Armature/Skeleton3D" index="32"]
transform = Transform3D(0.997085, -0.0626863, 0.00473518, -0.0610773, -0.986925, -0.155211, 0.0143756, 0.154763, -0.987866, -0.0040173, 0.000777578, -0.0444481)

[node name="Cube003" parent="RootNode/Armature/Skeleton3D" index="33"]
transform = Transform3D(-0.298132, 0.00663297, 0.00719229, 0.0147067, 0.0763164, 0.378985, 0.0100612, 0.0849949, -0.34085, -0.00492563, -0.00820938, -0.0210861)

[node name="KneeL" parent="RootNode/Armature/Skeleton3D" index="34"]
transform = Transform3D(-1.00001, 0.00470629, -0.0012247, 0.00355009, 0.878926, 0.477189, 0.00332222, 0.477375, -0.878577, 0.000195418, -0.0114524, -0.00191384)

[node name="Cube" parent="RootNode/Armature/Skeleton3D" index="35"]
transform = Transform3D(-0.298153, 0.00607732, 0.012481, 0.0165885, 0.113519, 0.0573155, -0.00547114, 0.0129988, -0.506378, 0.00503531, -0.00511928, -0.0170748)

[node name="KneeR" parent="RootNode/Armature/Skeleton3D" index="36"]
transform = Transform3D(-0.999959, 0.00360582, 0.010166, 0.0012088, 0.974229, -0.22641, -0.0107204, -0.226474, -0.973778, -7.35214e-05, 0.00522883, -0.00062415)

[node name="LegconnectorL" parent="RootNode/Armature/Skeleton3D" index="37"]
transform = Transform3D(-0.997583, 0.0693826, -0.0036831, 0.0692715, 0.989084, -0.130054, -0.0053806, -0.129994, -0.9915, -0.00987636, -0.00106384, -0.0334203)

[node name="Cube004" parent="RootNode/Armature/Skeleton3D" index="38"]
transform = Transform3D(-0.297023, 0.0116647, 0.0121324, 0.0312244, 0.112006, 0.0895265, -0.00161092, 0.0202694, -0.501694, -0.00519021, -0.00577958, -0.0176942)

[node name="Cube005" parent="RootNode/Armature/Skeleton3D" index="39"]
transform = Transform3D(-0.297023, 0.0116647, 0.0121324, 0.0312244, 0.112006, 0.0895265, -0.00161092, 0.0202694, -0.501694, -0.00519021, -0.00577958, -0.0176942)

[node name="LegconnectorR" parent="RootNode/Armature/Skeleton3D" index="40"]
transform = Transform3D(-0.998101, -0.0601343, 0.0133226, -0.0613595, 0.989582, -0.130243, -0.0053518, -0.130813, -0.991392, 0.000128197, -0.00173972, -0.0333618)

[node name="Cube002" parent="RootNode/Armature/Skeleton3D" index="41"]
transform = Transform3D(-0.298559, -0.00303537, 0.000370001, -0.00776048, 0.112588, 0.0899296, -0.00161105, 0.0201763, -0.501769, 0.00538873, -0.00579139, -0.0176321)

[node name="Cube001" parent="RootNode/Armature/Skeleton3D" index="42"]
transform = Transform3D(-0.298559, -0.00303537, 0.000370001, -0.00776048, 0.112588, 0.0899296, -0.00161105, 0.0201763, -0.501769, 0.00538873, -0.00579139, -0.0176321)

[node name="Base_Bottom" parent="RootNode" index="1"]
visible = false

[node name="Base_Ground" parent="RootNode" index="2"]
visible = false

[node name="Base_Rim" parent="RootNode" index="3"]
visible = false

[node name="Grass1" parent="RootNode" index="4"]
visible = false

[node name="Grass2" parent="RootNode" index="5"]
visible = false

[node name="Grass3" parent="RootNode" index="6"]
visible = false

[node name="Rock1" parent="RootNode" index="7"]
visible = false

[node name="Rock2" parent="RootNode" index="8"]
visible = false

[node name="Rock3" parent="RootNode" index="9"]
visible = false
